Voltage(V) G=1μS G=2μS G=3μS G=4μS G=5μS G=6μS
1.2 7.937022705875119e-07 2.4073240484910087e-05 0.00012736928025003586 0.00036347573408935293 0.0007637386850603643 0.0013415734392876176
1.201507537688442 8.188333146160734e-07 2.492046867325873e-05 0.00013206085556092466 0.0003772245950122658 0.0007931452668035952 0.0013938957630412483
1.2030150753768845 8.447609931315275e-07 2.579751453893309e-05 0.00013692524168667933 0.0003914935214592986 0.0008236840961221457 0.0014482586933498671
1.2045226130653266 8.715094465728709e-07 2.6705428402787768e-05 0.00014196880789154676 0.0004063021849236184 0.0008553987791191735 0.0015047418157351322
1.2060301507537687 8.991042976867583e-07 2.7645297008094084e-05 0.00014719814747998837 0.0004216710031344187 0.0008883345888586763 0.0015634278175533545
1.207537688442211 9.275739220769226e-07 2.8618239285375368e-05 0.00015262010956041566 0.000437621165467908 0.0009225385382103257 0.0016244026235207694
1.2090452261306532 9.569441542482552e-07 2.9625424987131775e-05 0.00015824178379859714 0.00045417465412313354 0.0009580594603175967 0.001687755485499029
1.2105527638190954 9.872444285956728e-07 3.0668057323664883e-05 0.0001640705321813939 0.0004713543008731885 0.0009949480577256791 0.0017535791561369563
1.2120603015075377 1.0185048147888032e-06 3.174738270395657e-05 0.00017011397504071587 0.0004891837853711464 0.0010332569972491671 0.0018219699947496645
1.2135678391959799 1.0507545354643266e-06 3.286469708841614e-05 0.00017638003001703754 0.0005076876893601694 0.0010730409616410697 0.001893028130795914
1.215075376884422 1.0840247190830547e-06 3.402132904822136e-05 0.0001828768870719259 0.0005268915237785629 0.001114356745307533 0.0019668575833097597
1.2165829145728644 1.1183492469628775e-06 3.5218671952570463e-05 0.00018961305592188555 0.0005468217651821922 0.0011572633296937735 0.0020435664404715344
1.2180904522613065 1.153760094597554e-06 3.6458149663847784e-05 0.0001965973444390185 0.0005675058870847015 0.0012018219662933058 0.002123266990897957
1.2195979899497487 1.1902934726455792e-06 3.774125296004049e-05 0.0002038388993086057 0.000588972408238392 0.0012480962681275017 0.002206075927777072
1.221105527638191 1.227982415391896e-06 3.9069511582651324e-05 0.000211347189088448 0.0006112509239744406 0.0012961522851315222 0.0022921144691469275
1.2226130653266332 1.2668650393191311e-06 4.044451625955523e-05 0.00021913204274886532 0.0006343721477075149 0.001346058626127062 0.0023815085747360114
1.2241206030150753 1.3069788256352003e-06 4.1867916163900506e-05 0.00022720364797863083 0.0006583679600636835 0.0013978865384434462 0.002474389117910938
1.2256281407035174 1.3483627378556772e-06 4.3341406208614614e-05 0.00023557256473749792 0.0006832714359854709 0.0014517100019382882 0.002570892071176664
1.2271356783919598 1.3910572218037934e-06 4.486675711607379e-05 0.000244249747279057 0.0007091169167296575 0.0015076058552053982 0.00267115870777033
1.228643216080402 1.435102935061017e-06 4.644579085414757e-05 0.00025324655092699884 0.0007359400276549721 0.0015656538929835723 0.0027753358168076296
1.230150753768844 1.4805439233406053e-06 4.808039630630834e-05 0.00026257474351005974 0.0007637777527609905 0.0016259369805060402 0.0028835759082647817
1.2316582914572864 1.5274229618063946e-06 4.977253054218073e-05 0.0002722465388198226 0.0007926684711105528 0.0016885411754732102 0.002996037441677427
1.2331658291457286 1.5757879078199047e-06 5.15242158529263e-05 0.00028227458475225584 0.0008226520110398718 0.0017535558500254126 0.0031128850565335887
1.2346733668341707 1.6256819600614456e-06 5.333755118618836e-05 0.0002926720098945254 0.0008537697111449054 0.0018210738118686128 0.00323428981537213
1.236180904522613 1.6771582698484576e-06 5.5214703675762445e-05 0.00030345241928983013 0.0008860644744914649 0.001891191453352208 0.0033604294494223074
1.2376884422110552 1.7302632122348026e-06 5.7157919229508214e-05 0.0003146299173072912 0.0009195808160490604 0.0019640088632773777 0.0034914886161017864
1.2391959798994974 1.7850505738126316e-06 5.9169526340997664e-05 0.0003262191330529406 0.0009543649550174917 0.002039629997997738 0.0036276591929370766
1.2407035175879397 1.8415716000752533e-06 6.125192761918569e-05 0.0003382352292635672 0.00099046484108487 0.0021181628059331863 0.0037691405198149513
1.2422110552763819 1.8998832539883707e-06 6.340761884665136e-05 0.0003506939366115509 0.001027930243366077 0.00219971940290572 0.003916139718313871
1.243718592964824 1.9600403809353186e-06 6.563917415652138e-05 0.00036361154946969805 0.0010668128130832035 0.002284416210205807 0.004068871998329909
1.2452261306532664 2.022102908497115e-06 6.794926932587615e-05 0.00037700497546266877 0.0011071661623396128 0.002372374139245569 0.004227560949456087
1.2467336683417085 2.0861299172218305e-06 7.034066483509074e-05 0.00039089174139620765 0.00114904591833005 0.0024637187533420746 0.004392438885724781
1.2482412060301507 2.1521855698552203e-06 7.281622111442805e-05 0.00040529002036219803 0.0011925098224434966 0.0025585804506764545 0.004563747183573873
1.249748743718593 2.2203319115606706e-06 7.537890362623641e-05 0.0004202186516439363 0.0012376177946376741 0.0026570946565703814 0.0047417366299772855
1.2512562814070352 2.2906345873915934e-06 7.803177693571899e-05 0.0004356971682447025 0.001284432027459702 0.0027594019962807917 0.004926667801915748
1.2527638190954773 2.363166018664979e-06 8.07780140282962e-05 0.0004517458265339139 0.0013330170571968641 0.002865648526239879 0.005118811417895467
1.2542713567839197 2.4379924857089504e-06 8.362090139180339e-05 0.0004683856303875635 0.0013834398689086956 0.002975985916167179 0.005318448786875587
1.2557788944723618 2.515189162697576e-06 8.65638411340732e-05 0.00048563834939942865 0.0014357699802832434 0.003090571680309563 0.0055258721547046695
1.257286432160804 2.594828682706083e-06 8.96103539475509e-05 0.0005035265658913997 0.0014900795322695922 0.0032095693934346397 0.005741385193705733
1.2587939698492463 2.676991302106224e-06 9.276408715610737e-05 0.0005220736855013916 0.0015464434017332463 0.003333148934776245 0.005965303399934707
1.2603015075376884 2.761754736170909e-06 9.602880920932494e-05 0.0005413039757233432 0.0016049393005589845 0.003461486715886303 0.006197954585306574
1.2618090452261306 2.8492028411619165e-06 9.940843128183755e-05 0.0005612426057177656 0.0016656478671304184 0.0035947659457561403 0.006439679338381295
1.2633165829145727 2.9394196850992616e-06 0.00010290699499135303 0.0005819156594407532 0.0017286528027022968 0.003733176891702633 0.006690831541900934
1.264824120603015 3.032492935892985e-06 0.00010652868595118024 0.0006033501953598059 0.0017940409671152286 0.003876917141101387 0.00695177886830394
1.2663316582914572 3.128513014310206e-06 0.00011027783842891026 0.0006255742629709721 0.0018619025092387576 0.004026191889377941 0.007222903337919853
1.2678391959798994 3.227573093975123e-06 0.00011415893873454825 0.0006486169392212651 0.0019323309914852044 0.004181214239010395 0.00750460186530556
1.2693467336683417 3.3297705836766696e-06 0.00011817662987919458 0.000672508380177673 0.002005423507547247 0.004342205485826549 0.0077972868555564855
1.2708542713567839 3.4352035274784905e-06 0.00012233571792779198 0.0006972798477086967 0.0020812808289346198 0.004509395460358179 0.008101386776053834
1.272361809045226 3.5439752634001515e-06 0.00012664117877538906 0.0007229637594592935 0.002160007533723123 0.0046830228251496025 0.00841734682985578
1.2738693467336684 3.6561912470435853e-06 0.00013109816661746989 0.0007495937261203268 0.002241712164949782 0.004863335454228439 0.00874562956725526
1.2753768844221105 3.7719607456589877e-06 0.0001357120139499539 0.0007772045903920821 0.002326507361902956 0.005050590746507796 0.009086715583735116
1.2768844221105526 3.891395144078923e-06 0.0001404882417335913 0.0008058324875471221 0.0024145100303759595 0.005245056021350666 0.009441104217076219
1.278391959798995 4.014611121091875e-06 0.00014543256108802893 0.0008355148746529237 0.0025058414968270578 0.005447008887876278 0.009809314275805791
1.2798994974874371 4.141729802409301e-06 0.00015055089023246928 0.0008662905987580306 0.002600627676091992 0.005656737648147793 0.010191884817620699
1.2814070351758793 4.272872101984421e-06 0.00015584935067402216 0.0008981999256911726 0.002698999247566832 0.005874541696971843 0.010589375904093798
1.2829145728643216 4.40816740409993e-06 0.00016133428880704486 0.0009312846179882979 0.0028010918313908285 0.0061007319615086425 0.01100236945533018
1.2844221105527638 4.547747422379124e-06 0.00016701225854896676 0.0009655879645387252 0.0029070461807228923 0.00633563134681131 0.011431470077518366
1.285929648241206 4.691745988027671e-06 0.00017289006072732137 0.0010011548563945932 0.0030170083689358765 0.006579575178824104 0.011877305959938193
1.2874371859296483 4.840304555547761e-06 0.00017897472486853795 0.0010380318371693204 0.0031311299988337135 0.006832911699896694 0.012340529794838594
1.2889447236180904 4.993566697023954e-06 0.0001852735303737652 0.001076267161482879 0.003249568404245257 0.007096002565992503 0.01282181972696154
1.2904522613065326 5.1516819137714404e-06 0.00019179401625975018 0.001115910862300914 0.0033724868787231776 0.007369223355755511 0.01332188034372354
1.291959798994975 5.314803942270147e-06 0.0001985439832764206 0.001157014813615181 0.0035000548754437377 0.00765296410583507 0.013841443727230581
1.293467336683417 5.483091601197684e-06 0.0002055315070358956 0.001199632811335193 0.003632448274022172 0.007947629864845457 0.014381270500363802
1.2949748743718592 5.656706462088741e-06 0.00021276494817688103 0.001243820613945802 0.003769849600741251 0.008253641295606302 0.01494215094740409
1.2964824120603016 5.835820049115135e-06 0.00022025296125851546 0.0012896360534685148 0.003912448281814134 0.008571435242654657 0.015524906187172713
1.2979899497487437 6.020603886448686e-06 0.0002280045091599303 0.001337139081201272 0.004060440921211175 0.00890146537344894 0.016130389355489307
1.2994974874371858 6.211239874414818e-06 0.00023602886096266734 0.0013863918519982268 0.004214031546299478 0.009244202828890234 0.016759486858780644
1.3010050251256282 6.407910972130136e-06 0.0002443356199027661 0.0014374588242196322 0.004373431908539593 0.009600136879772831 0.01741311968444061
1.3025125628140704 6.610809032557194e-06 0.0002529347284529614 0.00149040682114173 0.004538861764700455 0.009969775645068164 0.018092244728977847
1.3040201005025125 6.820133108438597e-06 0.0002618364708637823 0.0015453051300596057 0.004710549191108606 0.010353646809361712 0.01879785621086672
1.3055276381909549 7.036084793615791e-06 0.00027105149942157356 0.0016022255857199336 0.004888730888580057 0.010752298369936065 0.019530987129138058
1.307035175879397 7.258873940501459e-06 0.000280590840377726 0.0016612426723884468 0.005073652508527974 0.011166299427052658 0.020292710769403716
1.3085427135678391 7.488717601288334e-06 0.0002904659079247204 0.0017224336263409244 0.005265568996011018 0.011596240992021207 0.021084142276796777
1.3100502512562813 7.725839180916256e-06 0.0003006885160545885 0.0017858785125196724 0.0054647449420990556 0.012042736824915294 0.021906440283968872
1.3115577889447236 7.970468225313929e-06 0.00031127089719363817 0.001851660358788247 0.00567145493877996 0.01250642433073322 0.022760808614473424
1.3130653266331658 8.22284423304719e-06 0.0003222257127903649 0.0019198652440228796 0.005885983977065099 0.012987965450476674 0.023648498042900135
1.314572864321608 8.48321093784661e-06 0.0003335660706796275 0.0019905824179676404 0.006108627820530863 0.013488047618297952 0.024570808130395354
1.3160804020100503 8.751821814321657e-06 0.0003453055411762739 0.0020639044215131153 0.006339693417823711 0.014007384725423464 0.02552908911608668
1.3175879396984924 9.028937960378321e-06 0.00035745816512195426 0.002139927201469372 0.006579499335494007 0.014546718164545348 0.026524743902528163
1.3190954773869346 9.314827461944408e-06 0.0003700384886134718 0.002218750239314966 0.00682837618405359 0.015106817857272439 0.027559230104673024
1.320603015075377 9.609771110441934e-06 0.00038306156088520034 0.002300476680792984 0.0070866670838438985 0.01568848339000145 0.02863406219117293
1.322110552763819 9.914053085424701e-06 0.00039654296691985294 0.0023852134714363133 0.007354728131751125 0.016292545128612335 0.029750813699369157
1.3236180904522612 1.0227970060182486e-05 0.00041049883337771235 0.0024730714980221447 0.007632928896720485 0.016919865402620336 0.03091111952566969
1.3251256281407036 1.055182569602688e-05 0.00042494586332498196 0.002564165728332409 0.007921652924587857 0.017571339757090704 0.03211667833874607
1.3266331658291457 1.088593699503839e-05 0.0004399013362337857 0.002658615365313773 0.008221298270016475 0.018247898209635564 0.03336925505964587
1.3281407035175878 1.1230627523802872e-05 0.0004553831507573321 0.0027565440042022524 0.008532278050456471 0.01895050659719632 0.034670683436772876
1.3296482412060302 1.1586231860334487e-05 0.00047140983150617755 0.00285807979345947 0.008855020996716296 0.019680167933837464 0.03602286874368699
1.3311557788944723 1.1953096652866902e-05 0.00048800054980053376 0.0029633555982500155 0.009189972070449737 0.020437923863408078 0.03742779056245451
1.3326633165829145 1.2331577019963251e-05 0.0005051751609397174 0.0030725091808594634 0.00953759306046711 0.0212248561342262 0.03888750567118345
1.3341708542713568 1.2722042479746776e-05 0.0005229542114019298 0.003185683380688874 0.009898363218009968 0.022042088144066916 0.040404151085718876
1.335678391959799 1.3124870597153713e-05 0.0005413589769607402 0.0033030262904376463 0.010272779931836371 0.0228907865478309 0.04197994715046606
1.3371859296482411 1.3540453548438643e-05 0.0005604114745435466 0.00342469146489714 0.010661359392294704 0.023772162921964143 0.04361720081640807
1.3386934673366833 1.3969196003592113e-05 0.0005801345054302562 0.003550838115768252 0.011064637334171576 0.02468747549071111 0.045318309014837944
1.3402010050251256 1.4411514279307704e-05 0.0006005516620295488 0.003681631308173063 0.011483169739729173 0.02563803093114195 0.047085762146287416
1.3417085427135678 1.486783718601496e-05 0.0006216873787008538 0.0038172422058708726 0.011917533627292922 0.02662518622561355 0.04892214775749695
1.34321608040201 1.5338609839527667e-05 0.0006435669414952291 0.003957848253793801 0.012368327846615429 0.027650350614180478 0.05083015430393608
1.3447236180904523 1.5824289002362626e-05 0.000666216532624591 0.0041036334575676615 0.012836173893722186 0.028714987589357564 0.05281257510290616
1.3462311557788944 1.6325346895387934e-05 0.0006896632482494055 0.004254788582988219 0.013321716780814393 0.02982061700523196 0.05487231241539219
1.3477386934673365 1.6842269291998842e-05 0.0007139351442184681 0.0044115114313069 0.013825625913795101 0.03096881722553868 0.05701238168715671
1.349246231155779 1.737555911800778e-05 0.000739061258938793 0.0045740070835997935 0.014348596017229187 0.03216122739963813 0.05923591599058062
1.350753768844221 1.7925736028127893e-05 0.0007650716625035242 0.004742488179865011 0.01489134809911388 0.033399549777457155 0.06154617058000639
1.3522613065326632 1.8493333653115947e-05 0.0007919974698209463 0.004917175195578944 0.015454630437672149 0.034685552169272715 0.06394652768425041
1.3537688442211055 1.907890235262942e-05 0.0008198708982127244 0.005098296716981969 0.016039219623203222 0.03602107043429469 0.06644050142955854
1.3552763819095477 1.9683013873907714e-05 0.000848725302565772 0.00528608975913932 0.016645921612638608 0.037408011146278564 0.06903174302344772
1.3567839195979898 2.0306253093200903e-05 0.0008785952041313708 0.005480800066637786 0.01727557285355482 0.03884835426506733 0.07172404605882629
1.3582914572864322 2.094922585082451e-05 0.0009095163409236316 0.005682682427834935 0.01792904143613818 0.04034415600464506 0.0745213521052585
1.3597989949748743 2.1612558527643036e-05 0.0009415257130357563 0.0058920010293424 0.01860722828157205 0.04189755174693025 0.0774277564543889
1.3613065326633165 2.229689465693815e-05 0.0009746616156743232 0.0061090297762043345 0.019311068395645583 0.04351075909787068 0.0804475141211709
1.3628140703517588 2.3002899794848162e-05 0.0010089637014162086 0.006334052672215206 0.020041532147773485 0.045186081046876304 0.08358504608988766
1.364321608040201 2.37312591910274e-05 0.001044473007313641 0.0065673641769441815 0.02079962662031949 0.046925909269400726 0.08684494577023717
1.3658291457286431 2.448268138853624e-05 0.0010812320230803535 0.006809269598758419 0.021586396984177875 0.04873272752184925 0.090231985724468
1.3673366834170855 2.525789695329169e-05 0.0011192847300550994 0.007060085488693384 0.022402927945505732 0.05060911520504647 0.09375112467064765
1.3688442211055276 2.605765805055091e-05 0.001158676657529343 0.007320140063545808 0.023250345244971278 0.05255775103443007 0.09740751471208879
1.3703517587939698 2.6882742891834194e-05 0.0011994549403455002 0.007589773623037414 0.024129817201894922 0.05458141687287486 0.10120650892168224
1.3718592964824121 2.7733953617342586e-05 0.0012416683667543 0.007869339010600843 0.025042556338858466 0.05668300169311296 0.10515366914476452
1.3733668341708543 2.8612116084199666e-05 0.0012853674482950022 0.008159202058071949 0.025989821035960432 0.05886550571887781 0.10925477416790354
1.3748743718592964 2.9518084736890974e-05 0.001330604465111661 0.008459742078662971 0.02697291727316286 0.06113204468717402 0.11351582817059336
1.3763819095477388 3.0452739642648706e-05 0.0013774335493858694 0.008771352351888905 0.027993200441247718 0.06348585431891726 0.1179430695055978
1.377889447236181 3.1416989879583506e-05 0.001425910729382473 0.009094440646610337 0.029052077189195794 0.06593029491578202 0.12254297985283537
1.379396984924623 3.241177099558561e-05 0.0014760940078001176 0.009429429750005526 0.03015100738422091 0.06846885617473691 0.127322293695984
1.3809045226130654 3.343805136107197e-05 0.0015280434303809173 0.00977675802915325 0.03129150611923801 0.07110516217113955 0.1322880082056614
1.3824120603015075 3.449682751030503e-05 0.0015818211532495747 0.010136879992192123 0.03247514578555281 0.07384297651547299 0.1374473934622657
1.3839195979899497 3.5589129011832183e-05 0.0016374915199933785 0.010510266890137518 0.03370355826498301 0.07668620774725171 0.14280800309725045
1.385427135678392 3.6716016986178095e-05 0.0016951211438243996 0.010897407330980442 0.03497843716687238 0.07963891490426311 0.1483776853824798
1.3869346733668342 3.787858643518533e-05 0.0017547789757656432 0.011298807924279614 0.03630154016420755 0.0827053133222022 0.15416459470921923
1.3884422110552763 3.9077966877289053e-05 0.0018165363969776408 0.011714993941000132 0.03767469141782638 0.08588978065199353 0.16017720351181813
1.3899497487437187 4.031532361806645e-05 0.0018804673000736116 0.012146509990716313 0.0390997840929528 0.08919686311174152 0.1664243147080828
1.3914572864321608 4.159186092661028e-05 0.001946648179328473 0.012593920758530353 0.04057878296551717 0.09263128197330865 0.17291507455893068
1.392964824120603 4.290881822388061e-05 0.0020151582200408154 0.013057811719544628 0.042113727137743986 0.09619794030808596 0.17965898608708625
1.3944723618090453 4.4267474317869556e-05 0.0020860793942476257 0.013538789916437928 0.04370673285030118 0.09990192999195541 0.18666592297858572
1.3959798994974875 4.566915269755721e-05 0.00215949655770956 0.014037484756946985 0.045359996388470235 0.10374853896775044 0.1939461440492529
1.3974874371859296 4.711521179203272e-05 0.002235497555790061 0.01455454882490052 0.04707579711452406 0.10774325879316657 0.20151030825751093
1.3989949748743717 4.8607059370054436e-05 0.002314173320864149 0.015090658749275038 0.04885650062970106 0.11189179249783897 0.20936949033976368
1.400502512562814 5.0146143857962154e-05 0.002395617993867648 0.015646516082144485 0.050704562007329826 0.11620006270723551 0.21753519699719517
1.4020100502512562 5.173396175121544e-05 0.002479929019164875 0.016222848216016935 0.05262252919536054 0.12067422011976245 0.22601938378306557
1.4035175879396984 5.3372056979118896e-05 0.0025672072771092992 0.016820409331664447 0.054613046529010584 0.12532065226677921 0.23483447257784795
1.4050251256281407 5.506201984603099e-05 0.002657557193734306 0.01743998140185711 0.056678858367923995 0.13014599266055418 0.24399336980551867
1.4065326633165829 5.6805493807627644e-05 0.0027510868737373718 0.018082375191708966 0.05882281288749097 0.1351571302378351 0.25350948533594486
1.408040201005025 5.860417250628689e-05 0.0028479082288055528 0.018748431341186093 0.061047866007386674 0.14036121922608874 0.26339675210132035
1.4095477386934674 6.045980379449538e-05 0.0029481371008587822 0.019439021445497154 0.06335708546325859 0.14576568933076625 0.273669646546929
1.4110552763819095 6.237419248770549e-05 0.003051893417480413 0.020155049216799063 0.06575365503850314 0.15137825636387248 0.28434320978748684
1.4125628140703517 6.434919676444524e-05 0.0031593013206662277 0.020897451645479178 0.06824087894935525 0.157206933270641 0.29543306968251476
1.414070351758794 6.638673875423019e-05 0.0032704893260666326 0.021667200241905583 0.07082218641632519 0.163260041543303 0.30695546369013416
1.4155778894472362 6.848879606723395e-05 0.0033855904703703884 0.02246530229850618 0.07350113637454876 0.16954622312867645 0.31892726267377536
1.4170854271356783 7.065741259395825e-05 0.0035047424713938406 0.0232928022187634 0.07628142239589575 0.17607445276520103 0.33136599561605756
1.4185929648241207 7.289469596413408e-05 0.003628087894099374 0.024150782876278552 0.07916687776439137 0.18285405079431144 0.34428987527626403
1.4201005025125628 7.520281966430411e-05 0.0037557743238136525 0.025040367021693544 0.08216148078795987 0.1898946964724071 0.3577178248981381
1.421608040201005 7.758402875529503e-05 0.003887954535634208 0.025962718772621858 0.08526936026009298 0.19720644180205332 0.3716695059078601
1.423115577889447 8.004063457826165e-05 0.004024786687552951 0.026919045130261023 0.08849480116631085 0.20479972587902526 0.3861653467377319
1.4246231155778895 8.257502618963172e-05 0.004166434492827378 0.027910597550215223 0.09184225059814614 0.2126853897983937 0.4012265727374513
1.4261306532663316 8.518966718473232e-05 0.004313067438515069 0.028938673590397895 0.09531632386109855 0.22087469215946323 0.41687523728055004
1.4276381909547737 8.788709739185579e-05 0.004464860971397424 0.03000461859959191 0.09892181087227467 0.22937932511704653 0.433134254066842
1.429145728643216 9.066993795445741e-05 0.004621996712702507 0.031109827494101183 0.10266368274268109 0.23821143110274187 0.4500274307106679
1.4306532663316582 9.354089429577071e-05 0.004784662675792522 0.03225574656066029 0.10654709864242633 0.24738362016539148 0.4675795036056186
1.4321608040201004 9.650275548353277e-05 0.004953053491051057 0.03344387537030542 0.11057741290902141 0.2569089879671436 0.485816174179239
1.4336683417085427 9.955840142976424e-05 0.005127370637123077 0.03467576873078534 0.1147601824428245 0.266801134509657 0.5047641465436427
1.4351758793969849 0.0001027108001379123 0.005307822688672064 0.03595303872113448 0.11910117435236027 0.27707418354301366 0.524451166655539
1.436683417085427 0.00010596301680845484 0.005494625557360888 0.037277356802902596 0.12360637393337028 0.28774280276321973 0.5449060629348514
1.4381909547738694 0.00010931821045076863 0.00568800275104389 0.03865045601142902 0.1282819928943499 0.298822224732225 0.5661587885384374
1.4396984924623115 0.00011277964192994237 0.005888185649476106 0.04007413321530299 0.13313447795223873 0.31032826866615143 0.5882404652516419
1.4412060301507537 0.00011635067566084256 0.006095413770705133 0.041550251475773965 0.13817051969662034 0.3222773630239681 0.6111834290917041
1.442713567839196 0.00012003478257272881 0.006309935068379683 0.04308074248663004 0.143397061839322 0.3346865689787736 0.6350212777187326
1.4442211055276382 0.00012383554180331975 0.0065320062146586 0.044667609091579824 0.14882131078080488 0.34757360478100524 0.6597889196567903
1.4457286432160803 0.0001277566483220895 0.006761892921659855 0.04631292791979548 0.15445074554670757 0.36095687109234725 0.6855226254911061
1.4472361809045227 0.00013180191081268544 0.006999870248509991 0.04801885208837136 0.16029312811402463 0.37485547725476354 0.7122600810016054
1.4487437185929648 0.00013597526289611458 0.007246222939310273 0.049787614032684564 0.16635651410574467 0.38928926861493346 0.7400404424419738
1.450251256281407 0.00014028075804854603 0.0075012457589852454 0.051621528425270485 0.17264926390900476 0.4042788548481868 0.7689043939083519
1.4517587939698493 0.00014472258251856335 0.007765243841413278 0.05352299519973045 0.1791800542108322 0.4198456394462617 0.7988942070280528
1.4532663316582914 0.00014930505278606574 0.008038533065085677 0.05549450270211778 0.18595788994723822 0.43601185026893563 0.8300538028903762
1.4547738693467336 0.00015403262106798222 0.008321440421989531 0.057538630935074005 0.19299211675714356 0.452800571320467 0.8624288164820988
1.456281407035176 0.0001589098812475022 0.008614304414866167 0.059658054948501696 0.20029243383610323 0.47023577573221087 0.8960666635886774
1.457788944723618 0.00016394157459154797 0.0089174754570107 0.06185554832806972 0.2078689073490734 0.4883423600310306 0.931016610318713
1.4592964824120602 0.000169132591021324 0.009231316299176635 0.06413398683025512 0.2157319842912585 0.5071461797112938 0.9673298453795789
1.4608040201005026 0.00017448797482978945 0.009556202454786417 0.06649635215841593 0.2238925069164704 0.526674086187532 1.0050595551372445
1.4623115577889447 0.0001800129293403393 0.009892522653941074 0.06894573583923758 0.232361727688954 0.5469539651768908 1.0442610016085285
1.4638190954773869 0.00018571282622416676 0.010240679308441322 0.07148534329526716 0.24115132480103094 0.5680147765461013 1.084991603553492
1.4653266331658292 0.0001915932044414722 0.010601088993325786 0.07411849802417414 0.25027341829975974 0.5898865957288505 1.1273110207027002
1.4668341708542714 0.00019765977595893544 0.010974182943232305 0.07684864596393451 0.25974058679211964 0.6126006566872915 1.171281241259962
1.4683417085427135 0.00020391844014927584 0.011360407572476175 0.07967935997998793 0.2695658847964806 0.6361893965862561 1.2169666728702804
1.4698492462311559 0.00021037527574443938 0.011760225004869238 0.08261434456499998 0.2797628607869459 0.6606865021606845 1.2644342371250106
1.471356783919598 0.00021703656095263112 0.012174113626408896 0.08565744068092604 0.2903455758407829 0.686126957866061 1.3137534677558513
1.4728643216080402 0.00022390876752908452 0.012602568665072155 0.08881263078191662 0.3013286230786759 0.7125470959041794 1.3649966126980775
1.4743718592964825 0.00023099857348155578 0.013046102773997818 0.09208404402949925 0.3127271477699003 0.7399846481869206 1.4182387401187375
1.4758793969849247 0.00023831287090537846 0.013505246651938104 0.09547596170215443 0.3245568682582714 0.7684788002668396 1.4735578486181808
1.4773869346733668 0.00024585876640698004 0.013980549669639528 0.09899282279505035 0.3368340976368707 0.7980702473921129 1.5310349817175715
1.4788944723618092 0.000253643594656409 0.014472580543234083 0.1026392298281479 0.34957576626133463 0.8288012526968542 1.590754346869559
1.4804020100502513 0.0002616749190226096 0.01498192799323088 0.1064199548872396 0.362799445115258 0.8607157076589387 1.6528034390861253
1.4819095477386934 0.0002699605466082567 0.015509201469152833 0.11033994584540661 0.37652337006498304 0.8938591948592141 1.7172731694512695
1.4834170854271358 0.0002785085282497557 0.01605503186443246 0.11440433285891444 0.3907664670181715 0.928279053202192 1.7842579985947664
1.484924623115578 0.00028732717249328624 0.016620072277894513 0.11861843508757226 0.4055483780530773 0.9640244456363309 1.8538560755166318
1.48643216080402 0.00029642504792414274 0.017204998796837925 0.1229877676382856 0.4208894885244477 1.0011464294831824 1.9261693817097771
1.4879396984924622 0.000305810997989811 0.017810511300870097 0.12751804880379983 0.4368109552028049 1.0396980294897475 2.001303881034021
1.4894472361809046 0.00031549414227051767 0.018437334302587077 0.132215207538613 0.45333473548691844 1.079734313706535 2.079369675436318
1.4909547738693467 0.0003254838923610979 0.019086217812394203 0.13708539122203273 0.47048361769793834 1.121312472297201 2.1604811667408295
1.4924623115577889 0.0003357899546238525 0.019757938241443243 0.14213497371854186 0.4882812525509045 1.1644918993704023 2.2447572248349394
1.4939698492462312 0.0003464223483997563 0.02045329932066312 0.14737056370497928 0.5067521858061725 1.2093342780210568 2.332321362411302
1.4954773869346734 0.0003573914028320846 0.02117313307569484 0.1527990133369575 0.5259218921549669 1.2559036685894827 2.4233019166064347
1.4969849246231155 0.0003687077805833357 0.021918300811567308 0.158427427215977 0.5458168103924241 1.3042666004086192 2.51783223771966
1.4984924623115576 0.00038038247825874735 0.022689694146077504 0.16426317168476576 0.5664643799281008 1.3544921670435641 2.616050885365606
1.5 0.00039242684122937324 0.023488236078322556 0.17031388448514898 0.5878930786686754 1.4066521252131636 2.7181018323211568
