Voltage(V) G=1μS G=2μS G=3μS G=4μS G=5μS G=6μS
1.2 5.2799999937421785e-06 2.1119999974968714e-05 4.7520000578954317e-05 8.448000159394075e-05 0.00013200000259641154 0.000190080006550982
1.201507537688442 5.6244302716336155e-06 2.2497721510050936e-05 5.061987435052667e-05 8.999088773426964e-05 0.00014061076420237868 0.00020247950079023847
1.2030150753768845 5.990759527585128e-06 2.3963038533856987e-05 5.3916837018815576e-05 9.58521549824609e-05 0.00014976899369534237 0.00021566735315746
1.2045226130653266 6.3803436495870345e-06 2.552137502186461e-05 5.742309517562391e-05 0.00010208550262855729 0.0001595085994982471 0.00022969238493766037
1.2060301507537687 6.7946208995837715e-06 2.717848402185156e-05 6.115158979031984e-05 0.00010871393862850508 0.0001698655288423414 0.00024460636509051
1.207537688442211 7.23511572512216e-06 2.894046290048864e-05 6.511604279664887e-05 0.0001157618541430534 0.0001808778982102517 0.00026046417626879315
1.2090452261306532 7.703444053307326e-06 3.081377706026225e-05 6.93309985973483e-05 0.00012325510908808195 0.0001925861102265291 0.00027732400201268973
1.2105527638190954 8.201319431791563e-06 3.2805278150682725e-05 7.381187658018996e-05 0.00013122111514382974 0.0002050329951121515 0.00029524751563812226
1.2120603015075377 8.730557475697311e-06 3.492223032630572e-05 7.857501939885817e-05 0.00013968892384632172 0.00021826394536276223 0.0003143000852187292
1.2135678391959799 9.293082643880733e-06 3.717233057552293e-05 8.363774548899249e-05 0.00014868932653725646 0.00023232707499086424 0.0003345509929673983
1.215075376884422 9.890934168162342e-06 3.956373794319879e-05 8.901841090159287e-05 0.000158254954313894 0.00024727336860361866 0.00035607365377076684
1.2165829145728644 1.0526273676623532e-05 4.2105094282977656e-05 9.473646436016121e-05 0.0001684203822141083 0.00026315685080943426 0.0003789458692991061
1.2180904522613065 1.1201389852287785e-05 4.480556067970056e-05 0.00010081251332927127 0.00017922224780099992 0.00028003476494191945 0.00040325006686961224
1.2195979899497487 1.1918709656307219e-05 4.7674839472261824e-05 0.00010726839093017147 0.00019069936297124498 0.0002979677577130647 0.000429073578120246
1.221105527638191 1.2680802563127332e-05 5.07232106760258e-05 0.00011412722539748658 0.0002028928477863009 0.0003170200774189522 0.00045650891853060526
1.2226130653266332 1.3490390513124124e-05 5.396156247601297e-05 0.00012141351758273242 0.00021584625668031546 0.000337259780615795 0.00048565409150675337
1.2241206030150753 1.4350357018208286e-05 5.740142891986609e-05 0.00012915321803431403 0.00022960572414979383 0.0003587589489603715 0.0005166128950071457
1.2256281407035174 1.5263756267429383e-05 6.1055025493234e-05 0.00013737381000675447 0.0002442201104432655 0.0003815939280733165 0.0005494952662850393
1.2271356783919598 1.623382138554708e-05 6.493528723625422e-05 0.00014610439966970378 0.00025974115910941224 0.0004058455672494455 0.0005844176266309024
1.228643216080402 1.7263977773800078e-05 6.905591321278268e-05 0.00015537580716398075 0.00027622366216849313 0.0004315994803439022 0.0006215032625372409
1.230150753768844 1.8357851156719095e-05 7.343140632094227e-05 0.00016522066739849367 0.00029372563544816446 0.00045894631428160286 0.0006608827051693585
1.2316582914572864 1.951928028762109e-05 7.807712242103378e-05 0.00017567352957661162 0.00031230850323666227 0.000487982046365801 0.0007026941606580938
1.2331658291457286 2.0752329442345224e-05 8.300931946344679e-05 0.00018677097323967825 0.00033203729225334726 0.0005188082790455527 0.0007470839395455251
1.2346733668341707 2.2061300701230603e-05 8.824520492250478e-05 0.00019855171626371256 0.00035298083663067806 0.0005515325694115331 0.0007942069184179259
1.236180904522613 2.345074813691814e-05 9.380299466525493e-05 0.00021105674360841686 0.00037521199729574455 0.0005862687595388862 0.0008442270354200396
1.2376884422110552 2.4925491155119474e-05 9.970196758509321e-05 0.00022432943267805297 0.0003988078889750977 0.0006231373424054579 0.0008973177967807818
1.2391959798994974 2.649063058824297e-05 0.00010596252489407073 0.0002384156884231974 0.0004238501241402384 0.0006622658362803583 0.0009536628299257548
1.2407035175879397 2.815156394198677e-05 0.00011260625915607887 0.00025336409030095753 0.00045042506118827093 0.0007037891785942828 0.0010134564467541578
1.2422110552763819 2.9914002547755974e-05 0.00011965601400267216 0.00026922604050573745 0.0004786240856568418 0.0007478501570792819 0.0010769042577376728
1.243718592964824 3.1783989350354534e-05 0.00012713596248361582 0.000286055924905498 0.0005085438821217153 0.0007945998409085312 0.0011442238088892422
1.2452261306532664 3.376791775446832e-05 0.00013507167610007096 0.00030391128160131326 0.0005402867416697335 0.0008441980609640129 0.0012156452500720633
1.2467336683417085 3.587255047114821e-05 0.000143490207390307 0.00032285297880428935 0.0005739608710658424 0.0008968138926452955 0.0012914120532835278
1.2482412060301507 3.8105041540666715e-05 0.0001524201720918975 0.00034294540033578003 0.0006096807349544021 0.0009526261852651259 0.0013717817597382813
1.249748743718593 4.047295750834166e-05 0.00016189183680963021 0.00036425664764474456 0.0006475673997545636 0.0010118241033034827 0.0014570267667618313
1.2512562814070352 4.2984300929700464e-05 0.00017193721176561485 0.0003868587435191715 0.0006877489063547657 0.0010746077125543753 0.0015474351722823956
1.2527638190954773 4.564753514619386e-05 0.0001825901490551049 0.00041082785443222734 0.0007303606631360224 0.001141188587448468 0.0016433116421926404
1.2542713567839197 4.847160884915134e-05 0.00019388644513748427 0.0004362445226292841 0.0007755458559358694 0.0012117904590332835 0.0017449783463210865
1.2557788944723618 5.146598487890141e-05 0.000205863949680001 0.00046319391176747417 0.0008234558842703317 0.0012866498866703313 0.001852775931672967
1.257286432160804 5.46406671180676e-05 0.00021856268075424814 0.0004917660597550247 0.0008742508195787485 0.0013660169788601447 0.001967064559198553
1.2587939698492463 5.8006232678820526e-05 0.00023202494426780926 0.0005220561557310317 0.0009280998854914543 0.001450156154724901 0.0020882249854542283
1.2603015075376884 6.157386176078924e-05 0.00024629546271326646 0.0005541648259390795 0.0009851819728258103 0.0015393469266668648 0.0022166597111791656
1.2618090452261306 6.535537280292852e-05 0.000261421508152373 0.0005881984327298713 0.0010456861706758624 0.0016338847490954007 0.0023527941925524415
1.2633165829145727 6.936325657659506e-05 0.000277453045788138 0.0006242693964337491 0.0011098123373125485 0.00173408189680014 0.002497078105813226
1.264824120603015 7.361071430203006e-05 0.0002944428792309769 0.0006624965278211254 0.0011777716914126947 0.0018402684043105188 0.002649986696584268
1.2663316582914572 7.811169703539128e-05 0.0003124468127055206 0.0007030053838563211 0.0012497874464866931 0.0019527930382896026 0.0028120221944169174
1.2678391959798994 8.288094611457624e-05 0.00033152381241039223 0.0007459286395450294 0.0013260954690231023 0.0020720243419257087 0.0029837153001809795
1.2693467336683417 8.793403784021026e-05 0.0003517361822775436 0.0007914064805340868 0.001406944977290828 0.002198351719981612 0.0031656267564638004
1.2708542713567839 9.328742879190905e-05 0.000373149749895987 0.0008395870160400349 0.0014925992782577877 0.0023321865899123212 0.003358349003519678
1.272361809045226 9.895850432091501e-05 0.0003958340566706921 0.000890626715918121 0.0015833365409319918 0.002473963588887028 0.003562507922463668
1.2738693467336684 0.00010496563000734875 0.0004198625644986247 0.0009446908701776724 0.001679450611207238 0.0026241418553499566 0.0037787646690979147
1.2753768844221105 0.00011132820502328474 0.00044531287006808286 0.0010019540696732938 0.0017812518775307837 0.0027832063681794525 0.004007817617005232
1.2768844221105526 0.00011806671867220063 0.000472266930592977 0.0010626007189833164 0.0018890681679112383 0.0029516693612330054 0.004250404382804878
1.278391959798995 0.00012520280989304167 0.0005008113022526048 0.0011268255721581376 0.0020032457121479897 0.0031300718166663347 0.004507303981004379
1.2798994974874371 0.00013275933078769181 0.0005310373938780184 0.0011948342947265816 0.0021241501387889833 0.003318985031944342 0.004779339081342326
1.2814070351758793 0.00014076041163075246 0.0005630417261441069 0.0012668440629717088 0.002252167539004105 0.003519012275790523 0.005067378390645027
1.2829145728643216 0.00014923153180855173 0.0005969262165961828 0.0013430841877705825 0.002387705577892407 0.003730790522910444 0.005372339155808867
1.2844221105527638 0.00015819959181694499 0.0006327984667941512 0.0014237967761269999 0.002531194668469773 0.0039549922954413685 0.005695189807390134
1.285929648241206 0.00016769299076482955 0.0006707720757147002 0.0015092374244679596 0.0026830892041018566 0.0041923275848700136 0.006036952734484954
1.2874371859296483 0.000177741708959857 0.0007109669620473371 0.0015996759500566118 0.0028438688612407535 0.004443545885758658 0.006398707212922191
1.2889447236180904 0.00018837739134117853 0.0007535097076662492 0.0016953971617922402 0.0030140399665361793 0.004709438335350369 0.00678159248084008
1.2904522613065326 0.0001996334389590032 0.0007985339163487563 0.0017967016703972756 0.003194136940179611 0.004990839966676635 0.00718681098621054
1.291959798994975 0.00021154510384228812 0.0008461805940931043 0.0019039067401089257 0.003384723809552164 0.005288632070932263 0.007615631794452733
1.293467336683417 0.00022414958683104368 0.0008965985484944997 0.002017347186957614 0.0035863958033405985 0.0056037446987636675 0.008069394176464614
1.2949748743718592 0.00023748614557303458 0.0009499448080264188 0.002137376326596848 0.0037997810371328856 0.005937159281835843 0.008549511396554283
1.2964824120603016 0.00025159620230872216 0.0010063850629212564 0.0022643669610966045 0.004025542276940802 0.0062899113916186754 0.0090574746824834
1.2979899497487437 0.00026652346182060233 0.0010660941310384467 0.0023987124356169296 0.004264378799284283 0.006663093649792145 0.009594857414045121
1.2994974874371858 0.00028231403255891713 0.0011292564495670896 0.002540827728962858 0.004517028346990496 0.007057858786035269 0.010163319521706175
1.3010050251256282 0.0002990165562376956 0.0011960665828222026 0.0026911506169841675 0.004784269194260172 0.007475422850822071 0.010764612124959301
1.3025125628140704 0.0003166823429365088 0.0012667297732396523 0.0028501428927263394 0.005066922302366446 0.007917068605247431 0.011400582402762687
1.3040201005025125 0.00033536551319024693 0.0013414625025354827 0.0030182916433327245 0.005365853610031957 0.008384149076871404 0.012073178721477427
1.3055276381909549 0.00035512314770219243 0.0014204930960639228 0.003196110601909129 0.005681976421214718 0.008878091310381109 0.012784456028773341
1.307035175879397 0.0003760154463744561 0.0015040623517393497 0.0033841415637629025 0.00601625393096037 0.009400400302058765 0.013536581526208616
1.3085427135678391 0.00039810589178533584 0.0015924242011455044 0.003582955879298505 0.006369701875768272 0.00995266314346687 0.014331840633188786
1.3100502512562813 0.00042146142452513665 0.0016858464091847058 0.003793156020604946 0.006743391322023965 0.010536553382820857 0.015172643266021973
1.3115577889447236 0.0004461526278493532 0.0017846113071848667 0.004015377233593546 0.007138451600121296 0.01115383560150809 0.016061530432070384
1.3130653266331658 0.0004722539174140501 0.001889016561581894 0.00425028927187438 0.007556073384274223 0.011806370238787545 0.017001181173726405
1.314572864321608 0.0004998437466813515 0.001999375986224284 0.00449859821830063 0.007997511940041124 0.012496118652811666 0.017994419855437056
1.3160804020100503 0.0005290048184659196 0.0021160203936412348 0.004761048405192279 0.00846409053024429 0.013225148450157665 0.01904422384375171
1.3175879396984924 0.000559824309610444 0.002239298492897571 0.005038424429851007 0.00895720400046038 0.013995639085562346 0.02015373156599357
1.3190954773869346 0.0005923941060372847 0.002369577828106249 0.0053315532717190415 0.009478322543234843 0.014809887747107012 0.021326250989906488
1.320603015075377 0.0006268110502938507 0.00250724577242152 0.005641306524734491 0.010028995663890181 0.015670315547181284 0.022565268532747523
1.322110552763819 0.0006631772018034731 0.0026527105665013237 0.005968602733024699 0.010610856340304746 0.016579474026849096 0.023874458432859444
1.3236180904522612 0.0007016001104570471 0.002806402411603307 0.006314409856619151 0.011225625398684947 0.017540051991404588 0.025257692589652502
1.3251256281407036 0.0007421931043924759 0.002968774621126116 0.00667974785532348 0.011875116112107129 0.018554882696599623 0.026719050914347037
1.3266331658291457 0.0007850755902678505 0.0031403048276313445 0.007065691409389297 0.012561239032840522 0.019626951398248448 0.02826283220248838
1.3281407035175878 0.0008303733734399036 0.0033214962516988906 0.00747337277232115 0.013286007072003838 0.020759403288079386 0.02989356555957429
1.3296482412060302 0.0008782189880951007 0.0035128790376979134 0.007903984777419978 0.014051540832484704 0.021955551831927145 0.031616022406052914
1.3311557788944723 0.0009287520508858962 0.003715011653508779 0.008358783984086989 0.014860074217144801 0.023218887528900556 0.033435229095572595
1.3326633165829145 0.0009821196262136912 0.00392848236308984 0.008839093999039848 0.015713960319934023 0.024553087114395522 0.035356480169353444
1.3341708542713568 0.0010384766152287147 0.00415391077485366 0.009346308949994792 0.016615677610925042 0.02596202322897612 0.037385352273785685
1.335678391959799 0.0010979861605000146 0.004391949465429176 0.009881897147813581 0.017567836440679323 0.02744977457768777 0.039527718793770844
1.3371859296482411 0.0011608200737670952 0.004643285685162541 0.010447404920174609 0.018573185862250475 0.029020636596743137 0.041789765211970205
1.3386934673366833 0.001227159282749798 0.004908643155097513 0.011044460652767108 0.01963462081063552 0.03067913266400319 0.04417800525071167
1.3402010050251256 0.0012971943033691685 0.005188783945271022 0.01167477902149126 0.020755189627815578 0.03243002586257078 0.046699297820272004
1.3417085427135678 0.0013711257335676658 0.005484510455076201 0.012340165443616333 0.021938101979125817 0.03427833134323648 0.04936086481419202
1.34321608040201 0.0014491647721168416 0.005796667488493104 0.013042520750014427 0.023186737157566452 0.03622932931034075 0.052170309812611095
1.3447236180904523 0.0015315337634712843 0.006126144436045577 0.013783846092445847 0.024504652804853963 0.03828857864714586 0.05513563769531506
1.3462311557788944 0.0016184667714216822 0.006473877563484286 0.014566248093519423 0.025895594076317606 0.04046193123153979 0.05826527527545878
1.3477386934673365 0.0017102101790059088 0.006840852415242703 0.015391944258809532 0.027363503256417416 0.042755546959012534 0.06156809291838811
1.349246231155779 0.0018070233195485673 0.007228106339865833 0.0162632686536709 0.02891252985114177 0.04517590952711513 0.06505342727261602
1.350753768844221 0.001909179139464274 0.007636731137835217 0.017182677865503527 0.03054704119201287 0.04772984298733043 0.06873110512396448
1.3522613065326632 0.002016964893036431 0.008067875844495672 0.0181527572641732 0.032271633561017456 0.050424529143976875 0.07261146842369397
1.3537688442211055 0.002130682872347869 0.008522749648507315 0.019176227568210892 0.034091143870344114 0.053267525793368985 0.07670540058040617
1.3552763819095477 0.0022506511736339082 0.009002624956410766 0.020255951742202058 0.03601066192233818 0.05626678589132588 0.0810243540428249
1.3567839195979898 0.0023772045011166234 0.009508840609234757 0.02139494223129504 0.0380355432742381 0.05943067764563987 0.0855803792547703
1.3582914572864322 0.0025106950104379013 0.010042805256651896 0.022596368560357145 0.040171422743268806 0.06276800562921962 0.0903861550407718
1.3597989949748743 0.0026514931944441452 0.01060600089927043 0.023863565298201935 0.04242422857411471 0.0662880329113671 0.09545502049347046
1.3613065326633165 0.002799988811957903 0.011199986607108902 0.02520004042712179 0.04480019731027722 0.07000050430036157 0.10080100843819662
1.3628140703517588 0.0029565918627127877 0.011826402417218246 0.026609484113067017 0.04730588939811568 0.07391567072530301 0.10643888054502669
1.364321608040201 0.0031217336109927944 0.012486973425274443 0.02809577791543512 0.04994820555321796 0.07804431481227193 0.11238416416963413
1.3658291457286431 0.0032958676575524965 0.013183514081306115 0.029663004448752077 0.052734403937381616 0.08239777772765056 0.1186531909983207
1.3673366834170855 0.0034794710657473477 0.013917932689980568 0.031315457514456975 0.055672118180086855 0.08698798733095685 0.1252631376124242
1.3688442211055276 0.003673045542721128 0.01469223613662413 0.03305765273031844 0.05876937627410753 0.09182748771765965 0.13223206801614873
1.3703517587939698 0.003877118678615143 0.015508534843635432 0.034894338687976124 0.062034620406246535 0.09692947019686765 0.13957897825656637
1.3718592964824121 0.004092245244857978 0.01636904796533848 0.03683050864284245 0.06547672775877085 0.10230780579537166 0.14732384324251616
1.3733668341708543 0.004319008557041506 0.01727610884414538 0.03887141278633945 0.06910503231034561 0.1079770793456386 0.15548766582169318
1.3748743718592964 0.004558021905136022 0.01823217072337006 0.04102257111063514 0.07292934772371132 0.1139526252246726 0.16409252827516949
1.3763819095477388 0.004809930051044494 0.019239812745915595 0.04328978690060786 0.07695999133280992 0.12025056486232799 0.17316164631320344
1.377889447236181 0.00507541080048395 0.020301746241799767 0.04567916088607274 0.08120780929712224 0.1268878460453321 0.1827194257010862
1.379396984924623 0.005355176651735115 0.02142082131934196 0.04819710607417563 0.08568420299013234 0.13388228414746103 0.19279152162852822
1.3809045226130654 0.005649976522530833 0.022600033779916612 0.050850363310235396 0.09040115665410633 0.1412526053587131 0.203404900975898
1.3824120603015075 0.005960597561859536 0.023842532363473067 0.053646017582704625 0.09537126640165342 0.1490184920066538 0.21458790759335747
1.3839195979899497 0.006287867049860148 0.025151626349809206 0.05659151512984702 0.1006077706242086 0.15720063007665808 0.22637033073265364
1.385427135678392 0.0066326543877142366 0.026530793520681186 0.059694681358719415 0.10612458186757671 0.16582075902168297 0.23878347680182077
1.3869346733668342 0.006995873185370468 0.02798368851154829 0.06296373964125639 0.11193632024314691 0.17490172399540116 0.25186024458594125
1.3884422110552763 0.007378483448583679 0.029514151564387872 0.06640733100905682 0.11805834845439916 0.18446753058069384 0.2656352040796548
1.3899497487437187 0.007781493872891854 0.03112621769979165 0.07003453480277662 0.12450680851324135 0.19454340217528593 0.28014467914571595
1.3914572864321608 0.008205964244742774 0.032824126332907225 0.07385489030535018 0.1312986602139399 0.20515584012685 0.2954268341249597
1.392964824120603 0.008653007962052308 0.034612331348894985 0.07787841942383865 0.13845172146459345 0.2163326867649632 0.3115217646365394
1.3944723618090453 0.009123794671441497 0.03649551166373492 0.08211565045675091 0.1459847105481478 0.22810319145527747 0.3284715927132794
1.3959798994974875 0.009619553035069674 0.03847858228774741 0.08657764299384763 0.1539172904103605 0.24049807981735796 0.3463205665152406
1.3974874371859296 0.010141573627698899 0.04056670592189786 0.09127601401661443 0.16227011507043018 0.25354962626797284 0.3651151648188577
1.3989949748743717 0.010691211973095322 0.042765305105519624 0.09622296523921502 0.1710648782440757 0.26729173002027734 0.3849042064984887
1.400502512562814 0.011269891724214384 0.04508007494510171 0.10143131175938046 0.18032436429849744 0.28175999472862784 0.4057389652502516
1.4020100502512562 0.01187910799691073 0.04751699644743435 0.10691451207132768 0.19007250162646405 0.2969918119153977 0.427673289778376
1.4035175879396984 0.012520430859502205 0.05008235049099396 0.11268669950931659 0.2003344185742042 0.3130264483957893 0.45076372972952067
1.4050251256281407 0.013195508991105147 0.052782732459284325 0.1187627151896083 0.21113650201881687 0.32990513784294206 0.47506966761137914
1.4065326633165829 0.013906073510223311 0.05562506756789782 0.12515814251054072 0.22250645874004368 0.3476711767237317 0.5006534569937279
1.408040201005025 0.014653941988625241 0.05861662692002487 0.13188934329711835 0.23447337969990514 0.36637002478228836 0.5275805672756746
1.4095477386934674 0.015441022651992426 0.061765044323446115 0.13897349565491482 0.24706780737165554 0.3860494102923107 0.5559197353214965
1.4110552763819095 0.01626931878004369 0.06507833390034741 0.14642863360909714 0.2603218062569699 0.40675944029840405 0.5857431242920234
1.4125628140703517 0.017140933316088503 0.06856490853061514 0.15427368863402766 0.27426903673874653 0.42855271607514156 0.617126489997673
1.414070351758794 0.01805807369151488 0.07223359916545807 0.16252853312765356 0.2889448324245328 0.45148445404440524 0.6501493551178819
1.4155778894472362 0.019023056879187948 0.0760936750511659 0.17121402594206886 0.30438628114150923 0.4756126124059648 0.6848951916562379
1.4170854271356783 0.020038314684229494 0.08015486490620355 0.1803520600629991 0.32063230974481655 0.5009980237354034 0.7214516120133246
1.4185929648241207 0.021106399282978163 0.08442737909018094 0.1899656125275703 0.337723772926419 0.5277045338458516 0.7599105690694564
1.4201005025125628 0.02222998902114175 0.08892193281848502 0.20007879669090078 0.35570354619984024 0.5557991471701819 0.8003685656923488
1.421608040201005 0.023411894486811656 0.09364977046619609 0.21071691694697045 0.37461662324542483 0.5853521789872282 0.8429268741050988
1.423115577889447 0.024655064863421762 0.09862269100279313 0.22190652601134145 0.39451021784143603 0.6164374148062823 0.8876917655778039
1.4246231155778895 0.025962594583403987 0.10385307462922244 0.2336754848957496 0.415433870559714 0.6491322772207252 0.9347747508959804
1.4261306532663316 0.0273377302903756 0.1093539106499403 0.24605302567748089 0.43743956046391036 0.6835180005882444 0.9842928321224719
1.4276381909547737 0.028783878127645966 0.11513882665277439 0.25906981721726974 0.4605818220356107 0.7196798138959292 1.0363687661576806
1.429145728643216 0.030304611363842417 0.12122211904446169 0.27275803392736286 0.4849178675638189 0.7577071321770116 1.0911313406546201
1.4306532663316582 0.031903678376407535 0.12761878501513066 0.28715142776381414 0.5105077152476789 0.7976937568765103 1.1487156628342816
1.4321608040201004 0.03358501100482632 0.13434455598297376 0.30228540356159483 0.5374143232775555 0.8397380855748937 1.20926346181202
1.4336683417085427 0.03535273328988863 0.14141593259915447 0.3181970978831967 0.5657037301570527 0.8839433314975156 1.2729234050439815
1.4351758793969849 0.037211170620586216 0.14885022137393553 0.3349254615238762 0.5954452015709046 0.9304177532536676 1.339851429548327
1.436683417085427 0.03916485930452622 0.1566655730040726 0.35251134585692245 0.6267113840647032 0.9792748952719629 1.4102110885653234
1.4381909547738694 0.04121855657901361 0.16488102247389533 0.37099759318285025 0.6595784658829028 1.0306338394343435 1.4841739143813648
1.4396984924623115 0.04337725108609586 0.1735165310143547 0.3904291312599709 0.694126345256479 1.0846194683974477 1.5619197980377508
1.4412060301507537 0.045646173831051684 0.18259302999754112 0.4108530722213235 0.7304388065078549 1.1413627411468272 1.64363738671111
1.442713567839196 0.048030809645711485 0.19213246686154015 0.4323188160588075 0.7686037043093656 1.2010009813464442 1.7295244995642265
1.4442211055276382 0.05053690917969098 0.20215785315287063 0.4548781588922046 0.808713156469652 1.2636781790577363 1.8197885629270034
1.4457286432160803 0.053170501442831586 0.21269331478137327 0.4785854062378127 0.8508637456418509 1.3295453064330316 1.9146470656664583
1.4472361809045227 0.05593790692277615 0.22376414458961605 0.5034974914981907 0.8951567303483015 1.398760648044845 2.0143280356969653
1.4487437185929648 0.05884575130817326 0.23539685733761487 0.5296740999144189 0.9416982657562951 1.471490146477015 2.119070538584506
1.450251256281407 0.06190097983529778 0.2476192472159468 0.5571777982227032 0.9905996346317726 1.5479077639162926 2.2291251992495087
1.4517587939698493 0.06511087229705113 0.2604604479956775 0.5860741702762076 1.0419774889453082 1.628195860441491 2.3447547478355353
1.4532663316582914 0.06848305873361143 0.2739509959370747 0.6164319588959684 1.095954102607259 1.712545589783536 2.4662345908568244
1.4547738693467336 0.072025535842638 0.28812289557738635 0.6483232142397263 1.1526576358377594 1.8011573133543242 2.59385340875208
1.456281407035176 0.07574668413825304 0.3030096885323626 0.6818234489762447 1.2122224116975673 1.8942410333677024 2.7279137810981275
1.457788944723618 0.07965528588992897 0.3186465254394228 0.717011800568352 1.274789205332875 1.9920168459317917 2.868732840708236
1.4592964824120602 0.08376054388024474 0.3350702411864628 0.7539712009984388 1.3405055465049853 2.0947154150172835 3.0166429579661305
1.4608040201005026 0.08807210101581618 0.3523194335762285 0.7927885542506599 1.4095260360130204 2.202578468252083 3.1719924567746607
1.4623115577889447 0.09260006082761088 0.3704345455715212 0.8335549219212637 1.4820126766330828 2.3158593155434866 3.3351463635743306
1.4638190954773869 0.0973550089021523 0.3894579512906406 0.8763657173039101 1.558135219238788 2.434823391565519 3.506487190937715
1.4653266331658292 0.10234803528617657 0.40943404591485016 0.9213209083455411 1.6380715247850302 2.5597488232049344 3.6864157573516603
1.4668341708542714 0.10759075790306996 0.4304093396802354 0.9685252298569331 1.722007942871568 2.6909270230941487 3.875352044838992
1.4683417085427135 0.11309534703233291 0.45243255614623096 1.0180884054145767 1.81013970765385 2.828663310445728 4.073736096155295
1.4698492462311559 0.11887455089082205 0.4755547349186941 1.0701253793659655 1.9026713518617064 2.9732775604107173 4.282028953416613
1.471356783919598 0.12494172237400379 0.4998293390346246 1.1247565594109392 1.999817139779722 3.12510488330081 4.50071364004103
1.4728643216080402 0.13131084700063017 0.5253123672143589 1.1821080702300277 2.1018015200244635 3.2844963350008065 4.730296188020064
1.4743718592964825 0.13799657211674066 0.5520624711955384 1.2423120186519292 2.2088595990282727 3.451819660043517 4.97130671263322
1.4758793969849247 0.14501423741616523 0.5801410783813629 1.305506770884427 2.3212376361774596 3.6274600688302523 5.224300536779202
1.4773869346733668 0.1523799068323735 0.6096125200284388 1.371837242354243 2.4391935615815186 3.8118210505571404 5.489859367264112
1.4788944723618092 0.16011040186371556 0.6405441652384982 1.4414552007165558 2.5629975175076005 4.005325223518471 5.768592525432754
1.4804020100502513 0.16822333639558162 0.6730065609920028 1.5145195826360063 2.6929324245627457 4.2084152244921365 6.061138234726476
1.4819095477386934 0.1767371530840671 0.7070735785082376 1.5911968249520163 2.829294573752973 4.42155463902321 6.368164967769639
1.4834170854271358 0.18567116137017592 0.7428225662101435 1.6716612108912234 2.9723942456025316 4.645228974495398 6.690372855827361
1.484924623115578 0.1950455771965602 0.7803345095814581 1.7560952319860252 3.1225563575674395 4.879946677982579 7.028495163559333
1.48643216080402 0.2048815645000645 0.819694198230411 1.8446899664344547 3.2801211410562137 5.126240200953974 7.383299832111409
1.4879396984924622 0.21520127856181306 0.8609904004818497 1.9376454746230631 3.445444849398642 5.384667113032683 7.755591093821292
1.4894472361809046 0.22602791128980315 0.9043160458268655 2.035171212606477 3.6189004982017066 5.655811267078498 8.146211161909497
1.4909547738693467 0.2373857385271774 0.949768415584828 2.1374864643491565 3.800878639581743 5.9402840180107095 8.556041998718234
1.4924623115577889 0.2493001694643142 0.9974493421475569 2.244820793588252 3.9917881718330728 6.2387254979044044 8.98600716626494
1.4939698492462312 0.2617977982599803 1.0474654171800206 2.357414516199737 4.192057186183966 6.551805949988583 9.43707376302547
1.4954773869346734 0.2749064579547659 1.0999282091871014 2.475519194020312 4.402133852351806 6.880227124345543 9.910254451117712
1.4969849246231155 0.28865527678839986 1.1549544908618974 2.599398151081796 4.622487344706695 7.224723738233803 10.406609578226703
1.4984924623115576 0.30307473701856424 1.2126664766483937 2.729327013302407 4.853608810940878 7.5860650040923305 10.927249398862976
1.5 0.31819673635577056 1.273192070984798 2.865594272692864 5.096012385220948 7.965056228482105 11.4733363997975
