3e-06 0.1481138183930012 0.8 2.5 30 30
3e-06 0.1481138183930012 0.8 2.5 1 30
3e-06 0.1481138183930012 0.8 2.199872129978742 30 1
3e-06 0.1481138183930012 0.8 2.313650909947363 10 10
3e-06 0.1481138183930012 0.8 2.313650909947363 1 10
3e-06 0.1481138183930012 0.8 2.199872129978742 10 1
3e-06 0.1481138183930012 0.8 2.199872129978742 1 1
3e-06 0.1481138183930012 0.8 2.199872129978742 0.1 1
3e-06 0.1481138183930012 0.8 2.0888426214564983 1 0.1
3e-06 0.1481138183930012 0.8 2.0888426214564983 0.1 0.1
3e-06 0.1481138183930012 0.8 2.199872129978742 0.03 1
3e-06 0.1481138183930012 0.8 2.0314811936566466 1 0.03
3e-06 0.1481138183930012 0.8 2.0314811936566466 0.03 0.03
3e-06 0.3 0.8 1.981311971067956 30 30
3e-06 0.3 0.8 1.981311971067956 1 30
3e-06 0.3 0.8 1.8376697228028402 30 1
3e-06 0.3 0.8 1.9339753479776607 10 10
3e-06 0.3 0.8 1.9339753479776607 1 10
3e-06 0.3 0.8 1.8376697228028402 10 1
3e-06 0.3 0.8 1.8376697228028402 1 1
3e-06 0.3 0.8 1.8376697228028402 0.1 1
3e-06 0.3 0.8 1.7430382029324745 1 0.1
3e-06 0.3 0.8 1.7430382029324745 0.1 0.1
3e-06 0.3 0.23986658937549973 1.8376697228028402 0.03 1
3e-06 0.3 0.8 1.695278000474373 1 0.03
3e-06 0.3 0.23986658937549973 1.695278000474373 0.03 0.03
3e-06 1 0.26383482483437665 1.627950386958379 30 30
3e-06 1 0.23740467126060208 1.627950386958379 1 30
3e-06 1 0.26383482483437665 1.5081921467386452 30 1
3e-06 1 0.254395936874217 1.589186957050811 10 10
3e-06 1 0.23740467126060208 1.589186957050811 1 10
3e-06 1 0.254395936874217 1.5081921467386452 10 1
3e-06 1 0.23740467126060208 1.5081921467386452 1 1
3e-06 1 0.2221347700942372 1.5081921467386452 0.1 1
3e-06 1 0.23740467126060208 1.4273337618708763 1 0.1
3e-06 1 0.2221347700942372 1.4273337618708763 0.1 0.1
3e-06 1 0.2145227430119122 1.5081921467386452 0.03 1
3e-06 1 0.23740467126060208 1.3850001450003608 1 0.03
3e-06 1 0.2145227430119122 1.3850001450003608 0.03 0.03
5e-06 0.1 0.8 2.3161589370386007 30 30
5e-06 0.1 0.8 2.3161589370386007 1 30
5e-06 0.1 0.8 2.145171747222389 30 1
5e-06 0.1 0.8 2.256586849112043 10 10
5e-06 0.1 0.8 2.256586849112043 1 10
5e-06 0.1 0.8 2.145171747222389 10 1
5e-06 0.1 0.8 2.145171747222389 1 1
5e-06 0.1 0.8 2.145171747222389 0.1 1
5e-06 0.1 0.8 2.0370604962757795 1 0.1
5e-06 0.1 0.8 2.0370604962757795 0.1 0.1
5e-06 0.1 0.8 2.145171747222389 0.03 1
5e-06 0.1 0.8 1.9810849023590482 1 0.03
5e-06 0.1 0.8 1.9810849023590482 0.03 0.03
5e-06 0.3 0.8 1.819661031778675 30 30
5e-06 0.3 0.24691847516344706 1.819661031778675 1 30
5e-06 0.3 0.8 1.687516620385039 30 1
5e-06 0.3 0.8 1.7762277518134515 10 10
5e-06 0.3 0.24691847516344706 1.7762277518134515 1 10
5e-06 0.3 0.8 1.687516620385039 10 1
5e-06 0.3 0.24691847516344706 1.687516620385039 1 1
5e-06 0.3 0.22632809545982313 1.687516620385039 0.1 1
5e-06 0.3 0.24691847516344706 1.600359687377995 1 0.1
5e-06 0.3 0.22632809545982313 1.600359687377995 0.1 0.1
5e-06 0.3 0.2178183733695736 1.687516620385039 0.03 1
5e-06 0.3 0.24691847516344706 1.5542597008567867 1 0.03
5e-06 0.3 0.2178183733695736 1.5542597008567867 0.03 0.03
5e-06 1 0.2763220027660451 1.554460379611353 30 30
5e-06 1 0.24781110090639064 1.554460379611353 1 30
5e-06 1 0.2763220027660451 1.4392023065372224 30 1
5e-06 1 0.26544629145583176 1.5169567007085674 10 10
5e-06 1 0.24781110090639064 1.5169567007085674 1 10
5e-06 1 0.26544629145583176 1.4392023065372224 10 1
5e-06 1 0.24781110090639064 1.4392023065372224 1 1
5e-06 1 0.23234339926305506 1.4392023065372224 0.1 1
5e-06 1 0.24781110090639064 1.362685103600564 1 0.1
5e-06 1 0.23234339926305506 1.362685103600564 0.1 0.1
5e-06 1 0.22470676901591533 1.4392023065372224 0.03 1
5e-06 1 0.24781110090639064 1.3229666096199872 1 0.03
5e-06 1 0.22470676901591533 1.3229666096199872 0.03 0.03
7e-06 0.1 0.8 2.1382058710124516 30 30
7e-06 0.1 0.8 2.1382058710124516 1 30
7e-06 0.1 0.8 1.9812095785750679 30 1
7e-06 0.1 0.8 2.0842396709747626 10 10
7e-06 0.1 0.8 2.0842396709747626 1 10
7e-06 0.1 0.8 1.9812095785750679 10 1
7e-06 0.1 0.8 1.9812095785750679 1 1
7e-06 0.1 0.8 1.9812095785750679 0.1 1
7e-06 0.1 0.8 1.8809146480065517 1 0.1
7e-06 0.1 0.8 1.8809146480065517 0.1 0.1
7e-06 0.1 0.8 1.9812095785750679 0.03 1
7e-06 0.1 0.8 1.8292535023968832 1 0.03
7e-06 0.1 0.8 1.8292535023968832 0.03 0.03
7e-06 0.3 0.2739104962383058 1.7397891400325343 30 30
7e-06 0.3 0.24278517704581135 1.7397891400325343 1 30
7e-06 0.3 0.2739104962383058 1.6135906073073287 30 1
7e-06 0.3 0.26181543187242706 1.6981751937976677 10 10
7e-06 0.3 0.24278517704581135 1.6981751937976677 1 10
7e-06 0.3 0.26181543187242706 1.6135906073073287 10 1
7e-06 0.3 0.24278517704581135 1.6135906073073287 1 1
7e-06 0.3 0.22635117998280255 1.6135906073073287 0.1 1
7e-06 0.3 0.24278517704581135 1.5299338500532922 1 0.1
7e-06 0.3 0.22635117998280255 1.5299338500532922 0.1 0.1
7e-06 0.3 0.21830078235630646 1.6135906073073287 0.03 1
7e-06 0.3 0.24278517704581135 1.4855162577302528 1 0.03
7e-06 0.3 0.21830078235630646 1.4855162577302528 0.03 0.03
7e-06 1 0.28858595451295105 1.5170103882939683 30 30
7e-06 1 0.25795113914976026 1.5170103882939683 1 30
7e-06 1 0.28858595451295105 1.404047616758436 30 1
7e-06 1 0.2764915165315155 1.4802972590036687 10 10
7e-06 1 0.25795113914976026 1.4802972590036687 1 10
7e-06 1 0.2764915165315155 1.404047616758436 10 1
7e-06 1 0.25795113914976026 1.404047616758436 1 1
7e-06 1 0.24204542095816797 1.404047616758436 0.1 1
7e-06 1 0.25795113914976026 1.3296356603878994 1 0.1
7e-06 1 0.24204542095816797 1.3296356603878994 0.1 0.1
7e-06 1 0.23422029376988582 1.404047616758436 0.03 1
7e-06 1 0.25795113914976026 1.2928729329781654 1 0.03
7e-06 1 0.23422029376988582 1.2928729329781654 0.03 0.03
1e-05 0.1 0.8 1.9923716723348415 30 30
1e-05 0.1 0.8 1.9923716723348415 1 30
1e-05 0.1 0.8 1.8467981917380583 30 1
1e-05 0.1 0.8 1.9427913106582189 10 10
1e-05 0.1 0.8 1.9427913106582189 1 10
1e-05 0.1 0.8 1.8467981917380583 10 1
1e-05 0.1 0.8 1.8467981917380583 1 1
1e-05 0.1 0.8 1.8467981917380583 0.1 1
1e-05 0.1 0.8 1.7530972348333353 1 0.1
1e-05 0.1 0.8 1.7530972348333353 0.1 0.1
1e-05 0.1 0.28455395482662493 1.8467981917380583 0.03 1
1e-05 0.1 0.8 1.7048204266878868 1 0.03
1e-05 0.1 0.28455395482662493 1.7048204266878868 0.03 0.03
1e-05 0.3 0.2780318846083919 1.6716961050001997 30 30
1e-05 0.3 0.2460431743240488 1.6716961050001997 1 30
1e-05 0.3 0.2780318846083919 1.550639454216799 30 1
1e-05 0.3 0.26481358442586295 1.6317420022531086 10 10
1e-05 0.3 0.2460431743240488 1.6317420022531086 1 10
1e-05 0.3 0.26481358442586295 1.550639454216799 10 1
1e-05 0.3 0.2460431743240488 1.550639454216799 1 1
1e-05 0.3 0.230002199580928 1.550639454216799 0.1 1
1e-05 0.3 0.2460431743240488 1.469705043270635 1 0.1
1e-05 0.3 0.230002199580928 1.469705043270635 0.1 0.1
1e-05 0.3 0.2221347700942372 1.550639454216799 0.03 1
1e-05 0.3 0.2460431743240488 1.4273337618708763 1 0.03
1e-05 0.3 0.2221347700942372 1.4273337618708763 0.03 0.03
1e-05 1 0.30507379979774013 1.483658054361711 30 30
1e-05 1 0.27149550374297315 1.483658054361711 1 30
1e-05 1 0.30507379979774013 1.3722875590327972 30 1
1e-05 1 0.2914347682579929 1.4472736179378318 10 10
1e-05 1 0.27149550374297315 1.4472736179378318 1 10
1e-05 1 0.2914347682579929 1.3722875590327972 10 1
1e-05 1 0.27149550374297315 1.3722875590327972 1 1
1e-05 1 0.254755547596775 1.3722875590327972 0.1 1
1e-05 1 0.27149550374297315 1.2983679736047375 1 0.1
1e-05 1 0.254755547596775 1.2983679736047375 0.1 0.1
1e-05 1 0.24660360657308786 1.3722875590327972 0.03 1
1e-05 1 0.27149550374297315 1.2594514545490851 1 0.03
1e-05 1 0.24660360657308786 1.2594514545490851 0.03 0.03
3e-05 0.1 0.30483997524693546 1.7134920620763054 30 30
3e-05 0.1 0.254395936874217 1.7134920620763054 1 30
3e-05 0.1 0.30483997524693546 1.589186957050811 30 1
3e-05 0.1 0.2780318846083919 1.6716961050001997 10 10
3e-05 0.1 0.254395936874217 1.6716961050001997 1 10
3e-05 0.1 0.2780318846083919 1.589186957050811 10 1
3e-05 0.1 0.254395936874217 1.589186957050811 1 1
3e-05 0.1 0.23740467126060208 1.589186957050811 0.1 1
3e-05 0.1 0.254395936874217 1.5081921467386452 1 0.1
3e-05 0.1 0.23740467126060208 1.5081921467386452 0.1 0.1
3e-05 0.1 0.22923604868938918 1.589186957050811 0.03 1
3e-05 0.1 0.254395936874217 1.4660010969704067 1 0.03
3e-05 0.1 0.22923604868938918 1.4660010969704067 0.03 0.03
3e-05 0.3 0.3255847817101405 1.5338394068690122 30 30
3e-05 0.3 0.2767572611971884 1.5338394068690122 1 30
3e-05 0.3 0.3255847817101405 1.420624512351765 30 1
3e-05 0.3 0.30144020356257006 1.4966476935031912 10 10
3e-05 0.3 0.2767572611971884 1.4966476935031912 1 10
3e-05 0.3 0.30144020356257006 1.420624512351765 10 1
3e-05 0.3 0.2767572611971884 1.420624512351765 1 1
3e-05 0.3 0.2591680201225415 1.420624512351765 0.1 1
3e-05 0.3 0.2767572611971884 1.345865224062206 1 0.1
3e-05 0.3 0.2591680201225415 1.345865224062206 0.1 0.1
3e-05 0.3 0.25078064332312267 1.420624512351765 0.03 1
3e-05 0.3 0.2767572611971884 1.3055561004501874 1 0.03
3e-05 0.3 0.25078064332312267 1.3055561004501874 0.03 0.03
3e-05 1 0.38050964420253675 1.405154684602142 30 30
3e-05 1 0.33337101711731254 1.405154684602142 1 30
3e-05 1 0.38050964420253675 1.294629270693509 30 1
3e-05 1 0.36022567274030043 1.3691149531405267 10 10
3e-05 1 0.33337101711731254 1.3691149531405267 1 10
3e-05 1 0.36022567274030043 1.294629270693509 10 1
3e-05 1 0.33337101711731254 1.294629270693509 1 1
3e-05 1 0.3121301576621975 1.294629270693509 0.1 1
3e-05 1 0.33337101711731254 1.2233336816693783 1 0.1
3e-05 1 0.3121301576621975 1.2233336816693783 0.1 0.1
3e-05 1 0.3019697273138325 1.294629270693509 0.03 1
3e-05 1 0.33337101711731254 1.187500085749592 1 0.03
3e-05 1 0.3019697273138325 1.187500085749592 0.03 0.03
0.0001 0.1 0.38505447877443033 1.5629069278770062 30 30
0.0001 0.1 0.2914347682579929 1.5629069278770062 1 30
0.0001 0.1 0.38505447877443033 1.4472736179378318 30 1
0.0001 0.1 0.33215598889854436 1.5243642974418292 10 10
0.0001 0.1 0.2914347682579929 1.5243642974418292 1 10
0.0001 0.1 0.33215598889854436 1.4472736179378318 10 1
0.0001 0.1 0.2914347682579929 1.4472736179378318 1 1
0.0001 0.1 0.27149550374297315 1.4472736179378318 0.1 1
0.0001 0.1 0.2914347682579929 1.3722875590327972 1 0.1
0.0001 0.1 0.27149550374297315 1.3722875590327972 0.1 0.1
0.0001 0.1 0.2625212993740816 1.4472736179378318 0.03 1
0.0001 0.1 0.2914347682579929 1.3335950462113753 1 0.03
0.0001 0.1 0.2625212993740816 1.3335950462113753 0.03 0.03
0.0001 0.3 0.42406628068156543 1.446453970346004 30 30
0.0001 0.3 0.34617834091669564 1.446453970346004 1 30
0.0001 0.3 0.42406628068156543 1.3334389031202898 30 1
0.0001 0.3 0.38311572243092956 1.4086062786364872 10 10
0.0001 0.3 0.34617834091669564 1.4086062786364872 1 10
0.0001 0.3 0.38311572243092956 1.3334389031202898 10 1
0.0001 0.3 0.34617834091669564 1.3334389031202898 1 1
0.0001 0.3 0.322849787180124 1.3334389031202898 0.1 1
0.0001 0.3 0.34617834091669564 1.2603096847309294 1 0.1
0.0001 0.3 0.322849787180124 1.2603096847309294 0.1 0.1
0.0001 0.3 0.3121301576621975 1.3334389031202898 0.03 1
0.0001 0.3 0.34617834091669564 1.2233336816693783 1 0.03
0.0001 0.3 0.3121301576621975 1.2233336816693783 0.03 0.03
0.0001 1 0.5153474765601975 1.3337888782102223 30 30
0.0001 1 0.4423820905210264 1.3337888782102223 1 30
0.0001 1 0.5153474765601975 1.2154466286728274 30 1
0.0001 1 0.48309593672661194 1.2940461853671743 10 10
0.0001 1 0.4423820905210264 1.2940461853671743 1 10
0.0001 1 0.48309593672661194 1.2154466286728274 10 1
0.0001 1 0.4423820905210264 1.2154466286728274 1 1
0.0001 1 0.41205468640553816 1.2154466286728274 0.1 1
0.0001 1 0.4423820905210264 1.1442478292293472 1 0.1
0.0001 1 0.41205468640553816 1.1442478292293472 0.1 0.1
0.0001 1 0.39799545744657855 1.2154466286728274 0.03 1
0.0001 1 0.4423820905210264 1.1074997186042426 1 0.03
0.0001 1 0.39799545744657855 1.1074997186042426 0.03 0.03
0.0003 0.1 0.5078573202778045 1.4862494338892018 30 30
0.0003 0.1 0.36022567274030043 1.4862494338892018 1 30
0.0003 0.1 0.5078573202778045 1.3691149531405267 30 1
0.0003 0.1 0.42406628068156543 1.446453970346004 10 10
0.0003 0.1 0.36022567274030043 1.446453970346004 1 10
0.0003 0.1 0.42406628068156543 1.3691149531405267 10 1
0.0003 0.1 0.36022567274030043 1.3691149531405267 1 1
0.0003 0.1 0.33337101711731254 1.3691149531405267 0.1 1
0.0003 0.1 0.36022567274030043 1.294629270693509 1 0.1
0.0003 0.1 0.33337101711731254 1.294629270693509 0.1 0.1
0.0003 0.1 0.32192855362330053 1.3691149531405267 0.03 1
0.0003 0.1 0.36022567274030043 1.2568759556544866 1 0.03
0.0003 0.1 0.32192855362330053 1.2568759556544866 0.03 0.03
0.0003 0.3 0.8 1.3851802711815422 30 30
0.0003 0.3 0.44911563137289384 1.3851802711815422 1 30
0.0003 0.3 0.8 1.262097721545636 30 1
0.0003 0.3 0.5049114578342044 1.3434063037957793 10 10
0.0003 0.3 0.44911563137289384 1.3434063037957793 1 10
0.0003 0.3 0.5049114578342044 1.262097721545636 10 1
0.0003 0.3 0.44911563137289384 1.262097721545636 1 1
0.0003 0.3 0.4161877892295722 1.262097721545636 0.1 1
0.0003 0.3 0.44911563137289384 1.187531893614027 1 0.1
0.0003 0.3 0.4161877892295722 1.187531893614027 0.1 0.1
0.0003 0.3 0.4014834634282542 1.262097721545636 0.03 1
0.0003 0.3 0.44911563137289384 1.1502780504758525 1 0.03
0.0003 0.3 0.4014834634282542 1.1502780504758525 0.03 0.03
0.0003 0.4976688990960858 0.8 1.4188996317208693 30 30
0.0003 0.4976688990960858 0.8 1.4188996317208693 1 30
0.0003 0.4976688990960858 0.8 1.277125084396063 30 1
0.0003 0.4976688990960858 0.8 1.369162110145519 10 10
0.0003 0.4976688990960858 0.8 1.369162110145519 1 10
0.0003 0.4976688990960858 0.8 1.277125084396063 10 1
0.0003 0.4976688990960858 0.8 1.277125084396063 1 1
0.0003 0.4976688990960858 0.8 1.277125084396063 0.1 1
0.0003 0.4976688990960858 0.8 1.1957917862196181 1 0.1
0.0003 0.4976688990960858 0.8 1.1957917862196181 0.1 0.1
0.0003 0.4976688990960858 0.8 1.277125084396063 0.03 1
0.0003 0.4976688990960858 0.8 1.156186106387808 1 0.03
0.0003 0.4976688990960858 0.8 1.156186106387808 0.03 0.03
(array(4.44341455e-07), array(0.0001493)) (0.002, 0.8) (0.005, 2.5)
3e-06 0.8 2.5
3e-06 0.8 2.5 duplicate
3e-06 0.8 2.199872129978742
3e-06 0.8 2.313650909947363
3e-06 0.8 2.313650909947363 duplicate
3e-06 0.8 2.199872129978742 duplicate
3e-06 0.8 2.199872129978742 duplicate
3e-06 0.8 2.199872129978742 duplicate
3e-06 0.8 2.0888426214564983
3e-06 0.8 2.0888426214564983 duplicate
3e-06 0.8 2.199872129978742 duplicate
3e-06 0.8 2.0314811936566466
3e-06 0.8 2.0314811936566466 duplicate
3e-06 0.8 1.981311971067956
3e-06 0.8 1.981311971067956 duplicate
3e-06 0.8 1.8376697228028402
3e-06 0.8 1.9339753479776607
3e-06 0.8 1.9339753479776607 duplicate
3e-06 0.8 1.8376697228028402 duplicate
3e-06 0.8 1.8376697228028402 duplicate
3e-06 0.8 1.8376697228028402 duplicate
3e-06 0.8 1.7430382029324745
3e-06 0.8 1.7430382029324745 duplicate
3e-06 0.23986658937549973 1.8376697228028402
3e-06 0.8 1.695278000474373
3e-06 0.23986658937549973 1.695278000474373
3e-06 0.26383482483437665 1.627950386958379
3e-06 0.23740467126060208 1.627950386958379
3e-06 0.26383482483437665 1.5081921467386452
3e-06 0.254395936874217 1.589186957050811
3e-06 0.23740467126060208 1.589186957050811
3e-06 0.254395936874217 1.5081921467386452
3e-06 0.23740467126060208 1.5081921467386452
3e-06 0.2221347700942372 1.5081921467386452
3e-06 0.23740467126060208 1.4273337618708763
3e-06 0.2221347700942372 1.4273337618708763
3e-06 0.2145227430119122 1.5081921467386452
3e-06 0.23740467126060208 1.3850001450003608
3e-06 0.2145227430119122 1.3850001450003608
5e-06 0.8 2.3161589370386007
5e-06 0.8 2.3161589370386007 duplicate
5e-06 0.8 2.145171747222389
5e-06 0.8 2.256586849112043
5e-06 0.8 2.256586849112043 duplicate
5e-06 0.8 2.145171747222389 duplicate
5e-06 0.8 2.145171747222389 duplicate
5e-06 0.8 2.145171747222389 duplicate
5e-06 0.8 2.0370604962757795
5e-06 0.8 2.0370604962757795 duplicate
5e-06 0.8 2.145171747222389 duplicate
5e-06 0.8 1.9810849023590482
5e-06 0.8 1.9810849023590482 duplicate
5e-06 0.8 1.819661031778675
5e-06 0.24691847516344706 1.819661031778675
5e-06 0.8 1.687516620385039
5e-06 0.8 1.7762277518134515
5e-06 0.24691847516344706 1.7762277518134515
5e-06 0.8 1.687516620385039 duplicate
5e-06 0.24691847516344706 1.687516620385039
5e-06 0.22632809545982313 1.687516620385039
5e-06 0.24691847516344706 1.600359687377995
5e-06 0.22632809545982313 1.600359687377995
5e-06 0.2178183733695736 1.687516620385039
5e-06 0.24691847516344706 1.5542597008567867
5e-06 0.2178183733695736 1.5542597008567867
5e-06 0.2763220027660451 1.554460379611353
5e-06 0.24781110090639064 1.554460379611353
5e-06 0.2763220027660451 1.4392023065372224
5e-06 0.26544629145583176 1.5169567007085674
5e-06 0.24781110090639064 1.5169567007085674
5e-06 0.26544629145583176 1.4392023065372224
5e-06 0.24781110090639064 1.4392023065372224
5e-06 0.23234339926305506 1.4392023065372224
5e-06 0.24781110090639064 1.362685103600564
5e-06 0.23234339926305506 1.362685103600564
5e-06 0.22470676901591533 1.4392023065372224
5e-06 0.24781110090639064 1.3229666096199872
5e-06 0.22470676901591533 1.3229666096199872
7e-06 0.8 2.1382058710124516
7e-06 0.8 2.1382058710124516 duplicate
7e-06 0.8 1.9812095785750679
7e-06 0.8 2.0842396709747626
7e-06 0.8 2.0842396709747626 duplicate
7e-06 0.8 1.9812095785750679 duplicate
7e-06 0.8 1.9812095785750679 duplicate
7e-06 0.8 1.9812095785750679 duplicate
7e-06 0.8 1.8809146480065517
7e-06 0.8 1.8809146480065517 duplicate
7e-06 0.8 1.9812095785750679 duplicate
7e-06 0.8 1.8292535023968832
7e-06 0.8 1.8292535023968832 duplicate
7e-06 0.2739104962383058 1.7397891400325343
7e-06 0.24278517704581135 1.7397891400325343
7e-06 0.2739104962383058 1.6135906073073287
7e-06 0.26181543187242706 1.6981751937976677
7e-06 0.24278517704581135 1.6981751937976677
7e-06 0.26181543187242706 1.6135906073073287
7e-06 0.24278517704581135 1.6135906073073287
7e-06 0.22635117998280255 1.6135906073073287
7e-06 0.24278517704581135 1.5299338500532922
7e-06 0.22635117998280255 1.5299338500532922
7e-06 0.21830078235630646 1.6135906073073287
7e-06 0.24278517704581135 1.4855162577302528
7e-06 0.21830078235630646 1.4855162577302528
7e-06 0.28858595451295105 1.5170103882939683
7e-06 0.25795113914976026 1.5170103882939683
7e-06 0.28858595451295105 1.404047616758436
7e-06 0.2764915165315155 1.4802972590036687
7e-06 0.25795113914976026 1.4802972590036687
7e-06 0.2764915165315155 1.404047616758436
7e-06 0.25795113914976026 1.404047616758436
7e-06 0.24204542095816797 1.404047616758436
7e-06 0.25795113914976026 1.3296356603878994
7e-06 0.24204542095816797 1.3296356603878994
7e-06 0.23422029376988582 1.404047616758436
7e-06 0.25795113914976026 1.2928729329781654
7e-06 0.23422029376988582 1.2928729329781654
1e-05 0.8 1.9923716723348415
1e-05 0.8 1.9923716723348415 duplicate
1e-05 0.8 1.8467981917380583
1e-05 0.8 1.9427913106582189
1e-05 0.8 1.9427913106582189 duplicate
1e-05 0.8 1.8467981917380583 duplicate
1e-05 0.8 1.8467981917380583 duplicate
1e-05 0.8 1.8467981917380583 duplicate
1e-05 0.8 1.7530972348333353
1e-05 0.8 1.7530972348333353 duplicate
1e-05 0.28455395482662493 1.8467981917380583
1e-05 0.8 1.7048204266878868
1e-05 0.28455395482662493 1.7048204266878868
1e-05 0.2780318846083919 1.6716961050001997
1e-05 0.2460431743240488 1.6716961050001997
1e-05 0.2780318846083919 1.550639454216799
1e-05 0.26481358442586295 1.6317420022531086
1e-05 0.2460431743240488 1.6317420022531086
1e-05 0.26481358442586295 1.550639454216799
1e-05 0.2460431743240488 1.550639454216799
1e-05 0.230002199580928 1.550639454216799
1e-05 0.2460431743240488 1.469705043270635
1e-05 0.230002199580928 1.469705043270635
1e-05 0.2221347700942372 1.550639454216799
1e-05 0.2460431743240488 1.4273337618708763
1e-05 0.2221347700942372 1.4273337618708763
1e-05 0.30507379979774013 1.483658054361711
1e-05 0.27149550374297315 1.483658054361711
1e-05 0.30507379979774013 1.3722875590327972
1e-05 0.2914347682579929 1.4472736179378318
1e-05 0.27149550374297315 1.4472736179378318
1e-05 0.2914347682579929 1.3722875590327972
1e-05 0.27149550374297315 1.3722875590327972
1e-05 0.254755547596775 1.3722875590327972
1e-05 0.27149550374297315 1.2983679736047375
1e-05 0.254755547596775 1.2983679736047375
1e-05 0.24660360657308786 1.3722875590327972
1e-05 0.27149550374297315 1.2594514545490851
1e-05 0.24660360657308786 1.2594514545490851
3e-05 0.30483997524693546 1.7134920620763054
3e-05 0.254395936874217 1.7134920620763054
3e-05 0.30483997524693546 1.589186957050811
3e-05 0.2780318846083919 1.6716961050001997
3e-05 0.254395936874217 1.6716961050001997
3e-05 0.2780318846083919 1.589186957050811
3e-05 0.254395936874217 1.589186957050811
3e-05 0.23740467126060208 1.589186957050811
3e-05 0.254395936874217 1.5081921467386452
3e-05 0.23740467126060208 1.5081921467386452
3e-05 0.22923604868938918 1.589186957050811
3e-05 0.254395936874217 1.4660010969704067
3e-05 0.22923604868938918 1.4660010969704067
3e-05 0.3255847817101405 1.5338394068690122
3e-05 0.2767572611971884 1.5338394068690122
3e-05 0.3255847817101405 1.420624512351765
3e-05 0.30144020356257006 1.4966476935031912
3e-05 0.2767572611971884 1.4966476935031912
3e-05 0.30144020356257006 1.420624512351765
3e-05 0.2767572611971884 1.420624512351765
3e-05 0.2591680201225415 1.420624512351765
3e-05 0.2767572611971884 1.345865224062206
3e-05 0.2591680201225415 1.345865224062206
3e-05 0.25078064332312267 1.420624512351765
3e-05 0.2767572611971884 1.3055561004501874
3e-05 0.25078064332312267 1.3055561004501874
3e-05 0.38050964420253675 1.405154684602142
3e-05 0.33337101711731254 1.405154684602142
3e-05 0.38050964420253675 1.294629270693509
3e-05 0.36022567274030043 1.3691149531405267
3e-05 0.33337101711731254 1.3691149531405267
3e-05 0.36022567274030043 1.294629270693509
3e-05 0.33337101711731254 1.294629270693509
3e-05 0.3121301576621975 1.294629270693509
3e-05 0.33337101711731254 1.2233336816693783
3e-05 0.3121301576621975 1.2233336816693783
3e-05 0.3019697273138325 1.294629270693509
3e-05 0.33337101711731254 1.187500085749592
3e-05 0.3019697273138325 1.187500085749592
0.0001 0.38505447877443033 1.5629069278770062
0.0001 0.2914347682579929 1.5629069278770062
0.0001 0.38505447877443033 1.4472736179378318
0.0001 0.33215598889854436 1.5243642974418292
0.0001 0.2914347682579929 1.5243642974418292
0.0001 0.33215598889854436 1.4472736179378318
0.0001 0.2914347682579929 1.4472736179378318
0.0001 0.27149550374297315 1.4472736179378318
0.0001 0.2914347682579929 1.3722875590327972
0.0001 0.27149550374297315 1.3722875590327972
0.0001 0.2625212993740816 1.4472736179378318
0.0001 0.2914347682579929 1.3335950462113753
0.0001 0.2625212993740816 1.3335950462113753
0.0001 0.42406628068156543 1.446453970346004
0.0001 0.34617834091669564 1.446453970346004
0.0001 0.42406628068156543 1.3334389031202898
0.0001 0.38311572243092956 1.4086062786364872
0.0001 0.34617834091669564 1.4086062786364872
0.0001 0.38311572243092956 1.3334389031202898
0.0001 0.34617834091669564 1.3334389031202898
0.0001 0.322849787180124 1.3334389031202898
0.0001 0.34617834091669564 1.2603096847309294
0.0001 0.322849787180124 1.2603096847309294
0.0001 0.3121301576621975 1.3334389031202898
0.0001 0.34617834091669564 1.2233336816693783
0.0001 0.3121301576621975 1.2233336816693783
0.0001 0.5153474765601975 1.3337888782102223
0.0001 0.4423820905210264 1.3337888782102223
0.0001 0.5153474765601975 1.2154466286728274
0.0001 0.48309593672661194 1.2940461853671743
0.0001 0.4423820905210264 1.2940461853671743
0.0001 0.48309593672661194 1.2154466286728274
0.0001 0.4423820905210264 1.2154466286728274
0.0001 0.41205468640553816 1.2154466286728274
0.0001 0.4423820905210264 1.1442478292293472
0.0001 0.41205468640553816 1.1442478292293472
0.0001 0.39799545744657855 1.2154466286728274
0.0001 0.4423820905210264 1.1074997186042426
0.0001 0.39799545744657855 1.1074997186042426
0.0003 0.5078573202778045 1.4862494338892018
0.0003 0.36022567274030043 1.4862494338892018
0.0003 0.5078573202778045 1.3691149531405267
0.0003 0.42406628068156543 1.446453970346004
0.0003 0.36022567274030043 1.446453970346004
0.0003 0.42406628068156543 1.3691149531405267
0.0003 0.36022567274030043 1.3691149531405267
0.0003 0.33337101711731254 1.3691149531405267
0.0003 0.36022567274030043 1.294629270693509
0.0003 0.33337101711731254 1.294629270693509
0.0003 0.32192855362330053 1.3691149531405267
0.0003 0.36022567274030043 1.2568759556544866
0.0003 0.32192855362330053 1.2568759556544866
0.0003 0.8 1.3851802711815422
0.0003 0.44911563137289384 1.3851802711815422
0.0003 0.8 1.262097721545636
0.0003 0.5049114578342044 1.3434063037957793
0.0003 0.44911563137289384 1.3434063037957793
0.0003 0.5049114578342044 1.262097721545636
0.0003 0.44911563137289384 1.262097721545636
0.0003 0.4161877892295722 1.262097721545636
0.0003 0.44911563137289384 1.187531893614027
0.0003 0.4161877892295722 1.187531893614027
0.0003 0.4014834634282542 1.262097721545636
0.0003 0.44911563137289384 1.1502780504758525
0.0003 0.4014834634282542 1.1502780504758525
0.0003 0.8 1.4188996317208693
0.0003 0.8 1.4188996317208693 duplicate
0.0003 0.8 1.277125084396063
0.0003 0.8 1.369162110145519
0.0003 0.8 1.369162110145519 duplicate
0.0003 0.8 1.277125084396063 duplicate
0.0003 0.8 1.277125084396063 duplicate
0.0003 0.8 1.277125084396063 duplicate
0.0003 0.8 1.1957917862196181
0.0003 0.8 1.1957917862196181 duplicate
0.0003 0.8 1.277125084396063 duplicate
0.0003 0.8 1.156186106387808
0.0003 0.8 1.156186106387808 duplicate
launch?